-22.16     1.000000e-06     2.000000e-06     9.000000e-07
-21.66     3.300000e-05     9.000000e-06     9.000000e-06
-21.16     4.800000e-05     1.500000e-05     1.500000e-05
-20.66     1.930000e-04     3.400000e-05     3.400000e-05
-20.16     3.090000e-04     6.100000e-05     6.100000e-05
-19.66     6.540000e-04     1.000000e-04     1.000000e-04
-19.16     9.070000e-04     1.770000e-04     1.770000e-04
-18.66     1.717000e-03     4.780000e-04     4.780000e-04
-17.91     5.840000e-03     1.460000e-03     1.460000e-03
-16.91     8.500000e-03     2.940000e-03     2.940000e-03
