-20.75     2.000000e-04     2.000000e-04     1.900000e-04
-20.25     9.000000e-04     4.000000e-04     4.000000e-04
-19.75     7.000000e-04     4.000000e-04     4.000000e-04
-19.25     1.800000e-03     6.000000e-04     6.000000e-04
-18.75     3.600000e-03     9.000000e-04     9.000000e-04
-18.25     6.000000e-03     1.200000e-03     1.200000e-03
-17.75     7.100000e-03     1.400000e-03     1.400000e-03
-17.25     1.110000e-02     2.200000e-03     2.200000e-03
-16.75     1.700000e-02     3.900000e-03     3.900000e-03
-16.25     1.420000e-02     5.400000e-03     5.400000e-03
-15.75     4.150000e-02     8.300000e-03     6.900000e-03
-15.25     6.000000e-02     1.280000e-02     1.000000e-02
-14.75     8.170000e-02     2.830000e-02     2.100000e-02
-14.25     1.049000e-01     7.430000e-02     4.350000e-02
-13.75     1.270000e-01     1.817000e-01     7.480000e-02
-13.25     1.451000e-01     4.114000e-01     1.073000e-01
-12.75     1.567000e-01     8.885000e-01     1.332000e-01
